[ 10.656667, 6.898333]
[ 9.685000, 6.898333] 
[ 8.731667, 6.935000] 
[ 7.760000, 6.916667] 
[ 6.843333, 6.898333] 
[ 6.898333, 7.815000]
[ 6.880000, 8.713333] 
[ 6.916667, 9.630000] 
[ 6.916667, 10.730000]
[ 5.945000, 10.693333]
[ 4.936667, 10.638333]
[ 4.955000, 9.703333]
[ 4.955000, 8.805000]
[ 4.955000, 7.815000]
[ 4.936667, 6.935000]
[ 3.818333, 6.861667]
[ 2.901667, 6.880000]
[ 1.985000, 6.843333]
[ 1.160000, 6.861667]
[ 1.196667, 5.926667]
[ 1.123333, 4.955000]
[ 1.948333, 4.973333]
[ 2.901667, 4.973333]
[ 3.818333, 4.973333]
[ 4.936667, 4.936667]
[ 4.955000, 3.946667]
[ 4.955000, 2.956667]
[ 4.936667, 2.040000]
[ 4.955000, 1.178333]
[ 5.963333, 1.160000]
[ 6.880000, 1.141667]
[ 6.880000, 1.985000]
[ 6.880000, 2.938333]
[ 6.861667, 3.781667]
[ 6.898333, 4.900000]
[ 7.760000, 4.936667]
[ 8.713333, 4.900000]
[ 9.685000, 4.900000]
[ 10.583333, 4.918333]
[ 10.620000, 5.945000]